46 1
57 2
86 2
116 2
238 2
251 2
316 2
37 2
95 2
115 2
140 2
209 2
270 2
318 2
54 2
165 2
201 2
232 2
241 2
341 2
348 2
53 2
78 2
154 2
189 2
297 2
319 2
47 2
74 2
106 2
139 2
146 2
174 2
327 2
350 2
355 2
366 2
3 2
11 2
49 2
148 2
192 2
219 2
362 2
64 2
70 2
96 2
138 2
152 2
248 2
263 2
276 2
286 2
296 2
320 2
346 2
33 2
52 2
184 2
254 2
326 2
361 2
13 2
79 2
92 2
135 2
176 2
229 2
245 2
274 2
100 2
160 2
175 2
226 2
262 2
295 2
367 2
23 2
68 2
104 2
168 2
193 2
227 2
289 2
343 2
351 2
24 2
61 2
142 2
202 2
268 2
283 2
288 2
311 2
354 2
59 2
94 2
114 2
172 2
212 2
235 2
301 2
334 2
360 2
36 2
98 2
141 2
164 2
178 2
210 2
282 2
379 2
48 2
111 2
150 2
194 2
266 2
9 2
22 2
51 2
136 2
180 2
237 2
322 2
356 2
2 2
43 2
69 2
89 2
134 2
156 2
317 2
338 2
380 2
40 2
112 2
143 2
190 2
271 2
293 2
314 2
371 2
6 2
62 2
93 2
186 2
275 2
309 2
382 2
65 2
103 2
217 2
277 2
332 2
107 3
173 4
246 4
312 4
132 4
218 4
344 4
137 4
220 4
236 4
347 4
55 4
171 4
224 4
353 4
58 4
144 4
333 4
352 4
378 4
27 4
121 4
149 4
216 4
41 4
66 4
122 4
147 4
256 4
267 4
294 4
363 4
50 4
87 4
279 4
308 4
364 4
84 4
155 4
228 4
281 4
82 4
167 4
244 4
328 4
14 4
35 4
128 4
185 4
258 4
345 4
32 4
108 4
177 4
183 4
255 4
284 4
349 4
29 4
71 4
158 4
182 4
231 4
315 4
4 4
91 4
162 4
195 4
330 4
81 4
187 4
215 4
18 4
60 4
197 4
225 4
305 4
336 4
15 4
85 4
145 4
249 4
357 4
381 4
26 4
113 4
153 4
278 4
342 4
67 4
110 4
188 4
259 4
323 4
31 4
88 4
200 4
280 4
304 4
384 4
239 5
310 6
17 6
56 6
118 6
290 6
38 6
196 6
369 6
127 6
205 6
325 6
97 6
159 6
339 6
8 6
161 6
45 6
99 6
214 6
285 6
77 6
105 6
157 6
273 6
16 6
117 6
203 6
292 6
125 6
269 6
30 6
170 6
337 6
169 6
7 6
206 6
25 6
213 6
307 6
63 6
10 6
44 6
204 6
383 6
199 6
291 6
198 6
19 7
34 8
179 8
42 8
299 8
163 8
130 8
365 8
124 8
329 8
208 8
331 8
211 8
264 8
191 8
166 8
12 8
221 8
109 8
72 8
133 8
260 8
287 8
123 8
131 8
39 8
120 8
73 8
303 8
102 9
368 10
80 10
375 10
76 10
261 10
28 10
75 10
370 10
90 10
181 10
298 10
207 10
126 10
151 10
222 10
20 10
83 10
5 10
335 10
373 11
230 12
250 12
119 12
300 12
385 12
265 12
340 12
372 12
313 12
306 13
377 14
243 14
129 14
359 14
253 14
376 14
324 14
257 14
240 14
358 15
234 16
252 16
247 16
1 16
272 16
302 17
233 18
101 18
321 18
21 19
242 20
223 21
374 22
